405 2
404 3
404 4
404 5
404 6
404 7
403 8
403 9
402 10
401 11
400 12
400 13
399 14
398 15
398 16
396 17
395 18
394 19
395 20
393 21
392 22
391 23
391 24
390 25
389 26
388 27
387 28
386 29
386 30
384 31
382 32
380 33
378 34
376 35
374 36
372 37
371 38
370 39
369 40
368 41
367 42
366 43
365 44
363 45
362 46
361 47
360 48
359 49
359 50
357 51
355 52
353 53
351 54
349 55
347 56
345 57
344 58
342 59
341 60
340 61
339 62
338 63
337 64
336 65
334 66
334 67
332 68
331 69
330 70
330 71
330 72
330 73
328 74
328 75
326 76
325 77
325 78
325 79
325 80
324 81
323 82
321 83
322 84
321 85
321 86
319 87
317 88
317 89
316 90
315 91
315 92
314 93
315 94
313 95
313 96
313 97
312 98
312 99
315 100
317 101
320 102
320 103
320 104
318 105
317 106
315 107
313 108
311 109
309 110
307 111
305 112
303 113
301 114
299 115
297 116
295 117
293 118
291 119
289 120
287 121
285 122
283 123
283 124
282 125
281 126
281 127
281 128
280 129
280 130
280 131
279 132
278 133
278 134
276 135
274 136
274 137
273 138
271 139
271 140
272 141
272 142
271 143
271 144
270 145
270 146
270 147
269 148
267 149
266 150
265 151
264 152
264 153
262 154
263 155
261 156
264 157
265 158
264 159
263 160
262 161
260 162
260 163
259 164
259 165
259 166
259 167
258 168
256 169
255 170
255 171
254 172
254 173
254 174
252 175
252 176
251 177
251 178
250 179
250 180
249 181
248 182
248 183
248 184
248 185
249 186
249 187
250 188
253 189
253 190
253 191
253 192
252 193
253 194
252 195
254 196
252 197
253 198
251 199
251 200
251 201
250 202
250 203
249 204
250 205
248 206
248 207
248 208
248 209
248 210
248 211
248 212
248 213
248 214
248 215
248 216
248 217
249 218
249 219
249 220
248 221
246 222
248 223
248 223
248 223
249 225
250 227
251 228
252 231
253 234
254 237
255 235
256 236
257 239
258 242
259 243
260 243
261 244
262 244
263 245
264 245
265 246
266 245
267 246
268 248
269 246
270 248
271 246
272 244
273 245
274 245
275 245
276 245
277 245
278 244
279 244
280 244
281 244
282 244
283 244
284 244
285 243
286 243
287 243
288 243
289 244
290 244
291 244
292 244
293 243
294 242
295 242
296 241
297 240
298 239
299 239
300 239
301 239
302 239
303 239
304 237
305 237
306 237
307 238
308 238
309 238
310 238
311 238
312 238
313 237
314 238
315 237
316 237
317 238
318 238
319 238
320 239
321 240
322 242
323 243
324 243
325 243
326 244
327 243
328 241
328 239
328 237
331 238
334 239
337 240
340 241
343 242
343 243
343 244
342 245
342 246
343 247
344 248
347 249
345 250
345 251
346 252
348 253
347 254
347 255
347 256
347 257
346 258
345 259
346 260
345 261
345 262
345 263
346 264
345 265
345 266
345 267
345 268
343 269
343 270
343 271
341 272
341 273
340 274
339 275
341 276
340 277
339 278
338 279
341 280
341 281
340 282
340 283
341 284
342 285
342 286
343 287
343 288
341 289
344 290
343 291
345 292
345 293
345 294
346 295
344 296
346 297
345 298
344 299
344 300
346 301
346 301
348 301
349 299
350 300
351 300
352 298
353 298
354 297
355 295
356 293
357 291
358 289
359 287
360 286
361 286
362 286
363 287
364 285
365 285
366 283
367 281
368 279
369 279
370 278
371 277
372 277
373 278
374 276
375 275
376 275
377 275
378 275
379 274
380 275
381 274
382 273
383 273
384 272
385 272
386 272
387 271
388 271
389 270
390 270
391 269
392 268
393 268
394 268
395 268
396 267
397 268
398 267
399 266
400 267
401 265
402 265
403 266
404 264
405 264
406 265
407 265
408 265
409 264
410 265
411 265
412 265
413 265
414 264
415 264
415 264
415 264
416 263
417 263
418 263
419 263
420 263
421 262
422 263
423 262
424 261
425 261
426 261
427 261
428 261
429 261
430 261
431 261
432 261
433 261
434 261
435 261
436 261
437 261
438 261
439 261
440 261
441 261
442 261
443 261
444 261
445 261
446 261
447 261
448 262
449 262
450 262
451 262
452 262
453 262
454 262
455 261
456 261
457 261
458 262
459 261
460 261
461 261
462 260
463 260
464 260
465 259
466 258
467 258
468 258
469 256
470 257
471 257
472 255
473 255
474 255
475 254
476 255
477 252
478 249
479 246
480 246
481 247
482 246
483 245
484 245
485 243
486 243
487 243
488 241
489 239
490 239
491 241
492 240
493 238
494 237
495 236
496 238
497 236
498 234
499 233
500 233
501 233
502 230
503 231
504 231
505 231
506 230
507 232
508 230
509 229
510 228
511 229
512 226
513 223
514 220
515 217
516 215
517 216
518 215
519 215
520 215
521 214
522 214
523 215
524 212
525 211
526 210
527 208
528 208
529 206
530 205
531 204
532 203
533 204
534 204
535 204
536 202
537 202
538 202
539 203
540 203
541 203
542 200
543 198
544 198
545 198
546 196
547 194
548 195
549 195
550 195
551 194
552 191
553 188
554 185
555 183
556 182
557 182
558 181
559 179
560 179
561 178
562 177
563 174
564 173
565 174
566 174
567 171
568 170
569 169
570 167
571 166
572 168
573 168
574 168
575 168
576 166
577 165
578 163
579 161
580 161
581 162
582 161
583 161
584 159
585 159
586 160
587 160
588 159
589 159
590 158
591 158
592 158
593 157
594 157
595 156
596 156
597 156
598 158
599 160
600 162
601 162
602 162
603 162
604 162
605 162
606 162
607 162
608 162
609 162
610 162
611 162
612 162
613 162
614 162
615 162
616 162
617 162
618 162
619 162
620 162
621 162
622 162
623 163
624 163
625 163
626 163
627 163
628 163
629 163
630 163
631 163
632 163
633 163
634 163
635 163
636 163
637 163
638 163
639 163
640 163
641 163
642 163
643 163
644 163
645 163
646 165
647 166
648 165
649 165
650 165
651 164
652 163
653 162
654 161
655 161
656 161
657 161
658 161
659 162
660 162
661 162
662 162
663 161
664 160
665 159
666 159
667 158
668 157
669 157
670 157
671 156
672 156
673 156
674 156
675 155
676 155
677 155
678 155
679 155
680 154
681 153
682 152
683 151
684 151
685 150
686 148
687 148
688 147
689 146
690 146
691 145
692 144
693 144
694 144
695 143
696 143
697 142
698 141
699 141
700 140
701 140
702 140
703 141
704 140
705 140
706 140
707 141
708 139
709 140
710 140
711 141
712 141
713 140
714 140
715 141
716 141
717 139
718 140
719 140
720 140
721 141
722 141
723 141
724 141
725 142
726 143
727 145
728 142
729 142
730 144
731 144
732 145
733 144
734 145
735 144
736 143
737 144
738 145
739 145
740 145
741 145
742 144
743 145
744 146
745 146
746 146
747 146
748 146
749 147
750 147
751 146
752 145
753 144
754 144
755 144
756 146
757 147
758 147
759 147
