246 222
248 182
249 181
250 179
251 177
252 175
253 189
254 172
255 170
256 169
257 239
258 168
259 164
260 162
261 156
262 154
263 155
264 152
265 151
266 150
267 149
268 248
269 148
270 145
271 139
272 141
273 138
274 136
275 245
276 135
277 245
278 133
279 132
280 129
281 126
282 125
283 123
284 244
285 122
286 243
287 121
288 243
289 120
290 244
291 119
292 244
293 118
294 242
295 117
296 241
297 116
298 239
299 115
300 239
301 114
302 239
303 113
304 237
305 112
306 237
307 111
308 238
309 110
310 238
311 109
312 98
313 95
314 93
315 91
316 90
317 88
318 105
319 87
320 102
321 83
322 84
323 82
324 81
325 77
326 76
327 243
328 74
330 70
331 69
332 68
334 66
336 65
337 64
338 63
339 62
340 61
341 60
342 59
343 242
344 58
345 57
346 252
347 56
348 253
349 55
350 300
351 54
352 298
353 53
354 297
355 52
356 293
357 51
358 289
359 49
360 48
361 47
362 46
363 45
364 285
365 44
366 43
367 42
368 41
369 40
370 39
371 38
372 37
373 278
374 36
375 275
376 35
377 275
378 34
379 274
380 33
381 274
382 32
383 273
384 31
385 272
386 29
387 28
388 27
389 26
390 25
391 23
392 22
393 21
394 19
395 18
396 17
397 268
398 15
399 14
400 12
401 11
402 10
403 8
404 3
405 2
406 265
407 265
408 265
409 264
410 265
411 265
412 265
413 265
414 264
415 264
416 263
417 263
418 263
419 263
420 263
421 262
422 263
423 262
424 261
425 261
426 261
427 261
428 261
429 261
430 261
431 261
432 261
433 261
434 261
435 261
436 261
437 261
438 261
439 261
440 261
441 261
442 261
443 261
444 261
445 261
446 261
447 261
448 262
449 262
450 262
451 262
452 262
453 262
454 262
455 261
456 261
457 261
458 262
459 261
460 261
461 261
462 260
463 260
464 260
465 259
466 258
467 258
468 258
469 256
470 257
471 257
472 255
473 255
474 255
475 254
476 255
477 252
478 249
479 246
480 246
481 247
482 246
483 245
484 245
485 243
486 243
487 243
488 241
489 239
490 239
491 241
492 240
493 238
494 237
495 236
496 238
497 236
498 234
499 233
500 233
501 233
502 230
503 231
504 231
505 231
506 230
507 232
508 230
509 229
510 228
511 229
512 226
513 223
514 220
515 217
516 215
517 216
518 215
519 215
520 215
521 214
522 214
523 215
524 212
525 211
526 210
527 208
528 208
529 206
530 205
531 204
532 203
533 204
534 204
535 204
536 202
537 202
538 202
539 203
540 203
541 203
542 200
543 198
544 198
545 198
546 196
547 194
548 195
549 195
550 195
551 194
552 191
553 188
554 185
555 183
556 182
557 182
558 181
559 179
560 179
561 178
562 177
563 174
564 173
565 174
566 174
567 171
568 170
569 169
570 167
571 166
572 168
573 168
574 168
575 168
576 166
577 165
578 163
579 161
580 161
581 162
582 161
583 161
584 159
585 159
586 160
587 160
588 159
589 159
590 158
591 158
592 158
593 157
594 157
595 156
596 156
597 156
598 158
599 160
600 162
601 162
602 162
603 162
604 162
605 162
606 162
607 162
608 162
609 162
610 162
611 162
612 162
613 162
614 162
615 162
616 162
617 162
618 162
619 162
620 162
621 162
622 162
623 163
624 163
625 163
626 163
627 163
628 163
629 163
630 163
631 163
632 163
633 163
634 163
635 163
636 163
637 163
638 163
639 163
640 163
641 163
642 163
643 163
644 163
645 163
646 165
647 166
648 165
649 165
650 165
651 164
652 163
653 162
654 161
655 161
656 161
657 161
658 161
659 162
660 162
661 162
662 162
663 161
664 160
665 159
666 159
667 158
668 157
669 157
670 157
671 156
672 156
673 156
674 156
675 155
676 155
677 155
678 155
679 155
680 154
681 153
682 152
683 151
684 151
685 150
686 148
687 148
688 147
689 146
690 146
691 145
692 144
693 144
694 144
695 143
696 143
697 142
698 141
699 141
700 140
701 140
702 140
703 141
704 140
705 140
706 140
707 141
708 139
709 140
710 140
711 141
712 141
713 140
714 140
715 141
716 141
717 139
718 140
719 140
720 140
721 141
722 141
723 141
724 141
725 142
726 143
727 145
728 142
729 142
730 144
731 144
732 145
733 144
734 145
735 144
736 143
737 144
738 145
739 145
740 145
741 145
742 144
743 145
744 146
745 146
746 146
747 146
748 146
749 147
750 147
751 146
752 145
753 144
754 144
755 144
756 146
757 147
758 147
759 147
