217 324
218 327
219 336
220 336
221 336
222 336
223 344
224 335
225 335
226 336
227 338
228 338
229 339
230 339
231 347
232 347
233 349
234 342
235 345
236 353
237 347
238 348
239 348
240 357
241 363
242 363
243 363
244 366
245 365
246 365
247 366
248 366
249 366
250 366
251 366
252 366
253 365
254 365
255 366
256 368
257 367
258 367
259 367
260 367
261 370
262 370
263 369
264 368
265 367
266 368
267 370
268 369
269 369
270 369
271 360
272 351
273 342
274 333
275 337
276 337
277 338
278 339
279 333
280 332
281 331
282 322
283 322
284 322
285 331
286 335
287 335
288 335
289 334
290 333
291 330
292 330
293 329
294 329
295 330
296 330
297 322
298 318
299 321
300 322
301 323
302 322
303 323
304 323
305 319
306 321
307 317
308 317
309 316
310 315
311 315
312 315
313 316
314 323
315 326
316 318
317 323
318 319
319 319
320 320
321 320
322 321
323 313
324 311
325 311
326 311
327 311
328 315
329 315
330 316
331 316
332 316
333 316
334 316
335 316
336 316
337 316
338 316
339 316
340 315
341 314
342 312
343 311
344 311
345 302
346 302
347 303
348 307
349 307
350 307
351 307
352 301
353 299
354 297
355 295
356 295
357 294
358 292
359 292
360 287
361 286
362 286
363 286
364 285
365 285
366 284
367 282
368 281
369 279
370 278
371 277
372 277
373 276
374 276
375 276
376 275
377 275
378 275
379 274
380 274
381 274
382 274
383 273
384 273
385 272
386 272
387 271
388 271
389 271
390 270
391 270
392 269
393 269
394 268
395 268
396 268
397 268
398 268
399 267
400 267
401 266
402 266
403 266
404 266
405 265
406 264
407 265
408 264
409 265
410 266
411 263
412 263
413 263
414 263
415 264
416 263
417 263
418 263
419 262
420 262
421 262
422 261
423 261
424 260
425 260
426 260
427 260
428 259
429 259
430 258
431 258
432 263
433 263
434 263
435 263
436 263
437 263
438 263
439 263
440 263
441 262
442 263
443 261
444 262
445 261
446 261
447 261
448 261
449 261
450 261
451 261
452 261
453 261
454 261
455 261
456 261
457 261
458 261
459 261
460 261
461 260
462 260
463 259
464 259
465 258
466 258
467 257
468 256
469 255
470 255
471 255
472 254
473 255
474 255
475 252
476 249
477 249
478 248
479 247
480 246
481 245
482 245
483 244
484 244
485 243
486 243
487 242
488 241
489 240
490 239
491 239
492 239
493 238
494 235
495 236
496 234
497 234
498 233
499 232
500 231
501 231
502 230
503 229
504 228
505 227
506 226
507 230
508 231
509 231
510 230
511 228
512 219
513 218
514 217
515 219
516 220
517 218
518 217
519 216
520 217
521 216
522 215
523 216
524 215
525 212
526 211
527 210
528 209
529 208
530 207
531 206
532 205
533 204
534 204
535 202
536 202
537 202
538 201
539 201
540 201
541 201
542 200
543 200
544 199
545 199
546 196
547 191
548 188
549 188
550 187
551 186
552 185
553 185
554 184
555 184
556 184
557 182
558 181
559 179
560 178
561 177
562 176
563 176
564 175
565 176
566 174
567 172
568 171
569 166
570 166
571 170
572 169
573 169
574 168
575 168
576 169
577 169
578 164
579 163
580 162
581 161
582 161
583 161
584 161
585 161
586 160
587 160
588 163
589 163
590 163
591 163
592 164
593 166
594 166
595 166
596 166
597 166
598 166
599 166
600 166
601 169
602 169
603 168
604 167
605 167
606 166
607 175
608 184
609 186
610 186
611 185
612 185
613 185
614 184
615 184
616 183
617 183
618 182
619 182
620 181
621 180
622 179
623 178
624 177
625 177
626 176
627 175
628 174
629 174
630 174
631 172
632 173
633 173
634 172
635 172
636 171
637 171
638 171
639 171
640 171
641 171
642 171
643 170
644 170
645 169
646 169
647 168
648 168
649 167
650 167
651 167
652 166
653 166
654 165
655 165
656 165
657 162
658 162
659 162
660 162
661 162
662 162
663 162
664 160
665 160
666 159
667 158
668 158
669 157
670 157
671 157
672 156
673 156
674 156
675 156
676 155
677 155
678 155
679 154
680 154
681 153
682 152
683 151
684 151
685 150
686 149
687 148
688 147
689 146
690 146
691 146
692 145
693 144
694 144
695 143
696 143
697 142
698 142
699 142
700 141
701 141
702 141
703 141
704 140
705 140
706 140
707 140
708 140
709 140
710 140
711 141
712 141
713 141
714 140
715 140
716 140
717 140
718 140
719 140
720 140
721 140
722 140
723 141
724 141
725 142
726 144
727 145
728 141
729 141
730 144
731 144
732 144
733 144
734 144
735 144
736 144
737 144
738 144
739 145
740 145
741 145
742 145
743 146
744 146
745 145
746 146
747 146
748 152
749 153
750 148
751 153
752 152
753 153
754 150
755 155
756 164
757 171
758 177
759 179
760 179
761 179
762 180
763 180
764 180
765 180
766 179
767 180
768 180
